1.0 2.0
2.0 4.1
3.0 6.1
4.0 8.2
5.0 10.3
6.0 12.4
7.0 14.4
8.0 16.5
9.0 18.6
10.0 20.6
11.0 22.7
12.0 24.8
13.0 26.9
14.0 28.9
15.0 31.0
16.0 33.1
17.0 35.2
18.0 37.3
19.0 39.4
20.0 41.5
21.0 43.5
22.0 45.6
23.0 47.7
24.0 49.8
25.0 51.9
26.0 54.0
27.0 56.0
28.0 58.1
29.0 60.2
30.0 62.3
31.0 64.4
32.0 66.5
33.0 68.5
34.0 70.6
35.0 72.7
36.0 74.8
37.0 76.9
38.0 79.0
39.0 81.0
40.0 83.1
41.0 85.2
42.0 87.3
43.0 89.4
44.0 91.5
45.0 93.5
46.0 95.6
47.0 97.7
48.0 99.8
49.0 101.9
50.0 104.0
51.0 106.1
52.0 108.1
53.0 110.2
54.0 112.3
55.0 114.4
56.0 116.5
57.0 118.6
58.0 120.6
59.0 122.7
60.0 124.8
61.0 126.9
62.0 129.0
63.0 131.1
64.0 133.1
65.0 135.2
66.0 137.3
67.0 139.4
68.0 141.5
69.0 143.6
70.0 145.6
71.0 147.7
72.0 149.8
73.0 151.9
74.0 154.0
75.0 156.1
76.0 158.1
77.0 160.2
78.0 162.3
79.0 164.4
80.0 166.5
81.0 168.6
82.0 170.6
83.0 172.7
84.0 174.8
85.0 176.9
86.0 179.0
87.0 181.1
88.0 183.1
89.0 185.2
90.0 187.3
91.0 189.4
92.0 191.5
93.0 193.5
94.0 195.6
95.0 197.7
96.0 199.8
97.0 201.9
98.0 204.0
99.0 206.1
100.0 208.2
